1 -1.91085 -1.6399 4.01542
2 -1.53147 1.6399 3.21818
3 -1.91085 -1.6399 -4.01542
4 -1.53147 1.6399 -3.21818
5 1.91085 -1.6399 4.01542
6 1.53147 1.6399 3.21818
7 1.91085 -1.6399 -4.01542
8 1.53147 1.6399 -3.21818
9 -1.91085 1.6399 4.01542
10 -1.91085 1.6399 -4.01542
11 1.91085 1.6399 -4.01542
12 1.91085 1.6399 4.01542
13 -1.53147 -0.516834 3.21818
14 -1.53147 -0.516834 -3.21818
15 1.53147 -0.516834 -3.21818
16 1.53147 -0.516834 3.21818
17 -1.53147 0.373205 3.21818
18 -1.53147 0.373205 -3.21818
19 1.53147 0.373205 -3.21818
20 1.53147 0.373205 3.21818
21 0 0.373205 0
22 -2.47879 -2.00509 -3.95231
23 -2.47879 2.00509 -3.95231
24 -2.47879 -2.00509 -4.44224
25 -2.47879 2.00509 -4.44224
26 2.47879 -2.00509 -3.95231
27 2.47879 2.00509 -3.95231
28 2.47879 -2.00509 -4.44224
29 2.47879 2.00509 -4.44224
30 -1.89527 -1.63319 -4.41182
31 -1.89527 1.63319 -4.41182
32 -1.57968 -1.36125 -4.85565
33 -1.57968 1.36125 -4.85565
34 1.89527 -1.63319 -4.41182
35 1.89527 1.63319 -4.41182
36 1.57968 -1.36125 -4.85565
37 1.57968 1.36125 -4.85565
38 -2.29539 -2.10632 4.37397
39 -2.29539 2.10632 4.37397
40 -2.29539 -2.10632 3.98675
41 -2.29539 2.10632 3.98675
42 2.29539 -2.10632 4.37397
43 2.29539 2.10632 4.37397
44 2.29539 -2.10632 3.98675
45 2.29539 2.10632 3.98675
46 0 0.221673 0.221597
47 0 1.6957 0.321447
48 0.139157 0.221673 0.228433
49 0.12937 1.6957 0.327802
50 0.276973 0.221673 0.248877
51 0.257493 1.6957 0.346807
52 0.412122 0.221673 0.28273
53 0.383137 1.6957 0.37828
54 0.543302 0.221673 0.329667
55 0.505091 1.6957 0.421915
56 0.66925 0.221673 0.389235
57 0.622181 1.6957 0.477295
58 0.788752 0.221673 0.460862
59 0.733279 1.6957 0.543884
60 0.900659 0.221673 0.543858
61 0.837315 1.6957 0.621043
62 1.00389 0.221673 0.637422
63 0.933287 1.6957 0.708027
64 1.09746 0.221673 0.740655
65 1.02027 1.6957 0.803999
66 1.18045 0.221673 0.852561
67 1.09743 1.6957 0.908035
68 1.25208 0.221673 0.972064
69 1.16402 1.6957 1.01913
70 1.31165 0.221673 1.09801
71 1.2194 1.6957 1.13622
72 1.35858 0.221673 1.22919
73 1.26303 1.6957 1.25818
74 1.39244 0.221673 1.36434
75 1.29451 1.6957 1.38382
76 1.41288 0.221673 1.50216
77 1.31351 1.6957 1.51194
78 1.41972 0.221673 1.64131
79 1.31987 1.6957 1.64131
80 1.41288 0.221673 1.78047
81 1.31351 1.6957 1.77068
82 1.39244 0.221673 1.91829
83 1.29451 1.6957 1.89881
84 1.35858 0.221673 2.05343
85 1.26303 1.6957 2.02445
86 1.31165 0.221673 2.18461
87 1.2194 1.6957 2.14641
88 1.25208 0.221673 2.31056
89 1.16402 1.6957 2.26349
90 1.18045 0.221673 2.43006
91 1.09743 1.6957 2.37459
92 1.09746 0.221673 2.54197
93 1.02027 1.6957 2.47863
94 1.00389 0.221673 2.6452
95 0.933287 1.6957 2.5746
96 0.900659 0.221673 2.73877
97 0.837315 1.6957 2.66158
98 0.788752 0.221673 2.82176
99 0.733279 1.6957 2.73874
100 0.66925 0.221673 2.89339
101 0.622181 1.6957 2.80533
102 0.543302 0.221673 2.95296
103 0.505091 1.6957 2.86071
104 0.412122 0.221673 2.9999
105 0.383137 1.6957 2.90435
106 0.276973 0.221673 3.03375
107 0.257493 1.6957 2.93582
108 0.139157 0.221673 3.05419
109 0.12937 1.6957 2.95482
110 0 0.221673 3.06103
111 0 1.6957 2.96118
112 -0.139157 0.221673 3.05419
113 -0.12937 1.6957 2.95482
114 -0.276973 0.221673 3.03375
115 -0.257493 1.6957 2.93582
116 -0.412122 0.221673 2.9999
117 -0.383137 1.6957 2.90435
118 -0.543302 0.221673 2.95296
119 -0.505091 1.6957 2.86071
120 -0.66925 0.221673 2.89339
121 -0.622181 1.6957 2.80533
122 -0.788752 0.221673 2.82176
123 -0.733279 1.6957 2.73874
124 -0.900659 0.221673 2.73877
125 -0.837315 1.6957 2.66158
126 -1.00389 0.221673 2.6452
127 -0.933287 1.6957 2.5746
128 -1.09746 0.221673 2.54197
129 -1.02027 1.6957 2.47863
130 -1.18045 0.221673 2.43006
131 -1.09743 1.6957 2.37459
132 -1.25208 0.221673 2.31056
133 -1.16402 1.6957 2.26349
134 -1.31165 0.221673 2.18461
135 -1.2194 1.6957 2.14641
136 -1.35858 0.221673 2.05343
137 -1.26303 1.6957 2.02445
138 -1.39244 0.221673 1.91829
139 -1.29451 1.6957 1.89881
140 -1.41288 0.221673 1.78047
141 -1.31351 1.6957 1.77068
142 -1.41972 0.221673 1.64131
143 -1.31987 1.6957 1.64131
144 -1.41288 0.221673 1.50216
145 -1.31351 1.6957 1.51194
146 -1.39244 0.221673 1.36434
147 -1.29451 1.6957 1.38382
148 -1.35858 0.221673 1.22919
149 -1.26303 1.6957 1.25818
150 -1.31165 0.221673 1.09801
151 -1.2194 1.6957 1.13622
152 -1.25208 0.221673 0.972064
153 -1.16402 1.6957 1.01913
154 -1.18045 0.221673 0.852561
155 -1.09743 1.6957 0.908035
156 -1.09746 0.221673 0.740655
157 -1.02027 1.6957 0.803999
158 -1.00389 0.221673 0.637422
159 -0.933287 1.6957 0.708027
160 -0.900659 0.221673 0.543858
161 -0.837315 1.6957 0.621043
162 -0.788752 0.221673 0.460862
163 -0.733279 1.6957 0.543884
164 -0.66925 0.221673 0.389235
165 -0.622181 1.6957 0.477295
166 -0.543302 0.221673 0.329667
167 -0.505091 1.6957 0.421915
168 -0.412122 0.221673 0.28273
169 -0.383137 1.6957 0.37828
170 -0.276973 0.221673 0.248877
171 -0.257493 1.6957 0.346807
172 -0.139157 0.221673 0.228433
173 -0.12937 1.6957 0.327802
174 0.139157 1.6957 0.228433
175 0 1.6957 0.221597
176 0.276973 1.6957 0.248877
177 0.412122 1.6957 0.28273
178 0.543302 1.6957 0.329667
179 0.66925 1.6957 0.389235
180 0.788752 1.6957 0.460862
181 0.900659 1.6957 0.543858
182 1.00389 1.6957 0.637422
183 1.09746 1.6957 0.740655
184 1.18045 1.6957 0.852561
185 1.25208 1.6957 0.972064
186 1.31165 1.6957 1.09801
187 1.35858 1.6957 1.22919
188 1.39244 1.6957 1.36434
189 1.41288 1.6957 1.50216
190 1.41972 1.6957 1.64131
191 1.41288 1.6957 1.78047
192 1.39244 1.6957 1.91829
193 1.35858 1.6957 2.05343
194 1.31165 1.6957 2.18461
195 1.25208 1.6957 2.31056
196 1.18045 1.6957 2.43006
197 1.09746 1.6957 2.54197
198 1.00389 1.6957 2.6452
199 0.900659 1.6957 2.73877
200 0.788752 1.6957 2.82176
201 0.66925 1.6957 2.89339
202 0.543302 1.6957 2.95296
203 0.412122 1.6957 2.9999
204 0.276973 1.6957 3.03375
205 0.139157 1.6957 3.05419
206 0 1.6957 3.06103
207 -0.139157 1.6957 3.05419
208 -0.276973 1.6957 3.03375
209 -0.412122 1.6957 2.9999
210 -0.543302 1.6957 2.95296
211 -0.66925 1.6957 2.89339
212 -0.788752 1.6957 2.82176
213 -0.900659 1.6957 2.73877
214 -1.00389 1.6957 2.6452
215 -1.09746 1.6957 2.54197
216 -1.18045 1.6957 2.43006
217 -1.25208 1.6957 2.31056
218 -1.31165 1.6957 2.18461
219 -1.35858 1.6957 2.05343
220 -1.39244 1.6957 1.91829
221 -1.41288 1.6957 1.78047
222 -1.41972 1.6957 1.64131
223 -1.41288 1.6957 1.50216
224 -1.39244 1.6957 1.36434
225 -1.35858 1.6957 1.22919
226 -1.31165 1.6957 1.09801
227 -1.25208 1.6957 0.972064
228 -1.18045 1.6957 0.852561
229 -1.09746 1.6957 0.740655
230 -1.00389 1.6957 0.637422
231 -0.900659 1.6957 0.543858
232 -0.788752 1.6957 0.460862
233 -0.66925 1.6957 0.389235
234 -0.543302 1.6957 0.329667
235 -0.412122 1.6957 0.28273
236 -0.276973 1.6957 0.248877
237 -0.139157 1.6957 0.228433
238 0.12937 1.38778 0.327802
239 0 1.38778 0.321447
240 0.257493 1.38778 0.346807
241 0.383137 1.38778 0.37828
242 0.505091 1.38778 0.421915
243 0.622181 1.38778 0.477295
244 0.733279 1.38778 0.543884
245 0.837315 1.38778 0.621043
246 0.933287 1.38778 0.708027
247 1.02027 1.38778 0.803999
248 1.09743 1.38778 0.908035
249 1.16402 1.38778 1.01913
250 1.2194 1.38778 1.13622
251 1.26303 1.38778 1.25818
252 1.29451 1.38778 1.38382
253 1.31351 1.38778 1.51194
254 1.31987 1.38778 1.64131
255 1.31351 1.38778 1.77068
256 1.29451 1.38778 1.89881
257 1.26303 1.38778 2.02445
258 1.2194 1.38778 2.14641
259 1.16402 1.38778 2.26349
260 1.09743 1.38778 2.37459
261 1.02027 1.38778 2.47863
262 0.933287 1.38778 2.5746
263 0.837315 1.38778 2.66158
264 0.733279 1.38778 2.73874
265 0.622181 1.38778 2.80533
266 0.505091 1.38778 2.86071
267 0.383137 1.38778 2.90435
268 0.257493 1.38778 2.93582
269 0.12937 1.38778 2.95482
270 0 1.38778 2.96118
271 -0.12937 1.38778 2.95482
272 -0.257493 1.38778 2.93582
273 -0.383137 1.38778 2.90435
274 -0.505091 1.38778 2.86071
275 -0.622181 1.38778 2.80533
276 -0.733279 1.38778 2.73874
277 -0.837315 1.38778 2.66158
278 -0.933287 1.38778 2.5746
279 -1.02027 1.38778 2.47863
280 -1.09743 1.38778 2.37459
281 -1.16402 1.38778 2.26349
282 -1.2194 1.38778 2.14641
283 -1.26303 1.38778 2.02445
284 -1.29451 1.38778 1.89881
285 -1.31351 1.38778 1.77068
286 -1.31987 1.38778 1.64131
287 -1.31351 1.38778 1.51194
288 -1.29451 1.38778 1.38382
289 -1.26303 1.38778 1.25818
290 -1.2194 1.38778 1.13622
291 -1.16402 1.38778 1.01913
292 -1.09743 1.38778 0.908035
293 -1.02027 1.38778 0.803999
294 -0.933287 1.38778 0.708027
295 -0.837315 1.38778 0.621043
296 -0.733279 1.38778 0.543884
297 -0.622181 1.38778 0.477295
298 -0.505091 1.38778 0.421915
299 -0.383137 1.38778 0.37828
300 -0.257493 1.38778 0.346807
301 -0.12937 1.38778 0.327802
302 0.004196 1.38836 2.45794
303 0.004196 1.4404 2.45794
304 -0.042283 1.38836 2.34953
305 -0.042283 1.4404 2.34953
306 -0.053626 1.38836 1.41735
307 -0.053626 1.4404 1.41735
308 0.03604 1.38836 1.41623
309 0.03604 1.4404 1.41623
310 0.047955 1.38836 2.34841
311 0.047955 1.4404 2.34841
312 0.003918 1.44095 2.17756
313 0.003918 1.493 2.17756
314 -0.038131 1.44095 2.10774
315 -0.038131 1.493 2.10774
316 -0.049219 1.44095 1.5039
317 -0.049219 1.493 1.5039
318 0.031711 1.44095 1.50238
319 0.031711 1.493 1.50238
320 0.043314 1.44095 2.10621
321 0.043314 1.493 2.10621
322 0.011466 1.08403 -1.7796
323 0.011466 1.29006 -1.7796
324 0.145158 1.08403 -1.55536
325 0.145158 1.29006 -1.55536
326 0.128989 1.08403 0.288752
327 0.128989 1.29006 0.288752
328 -0.106056 1.08403 0.288752
329 -0.106056 1.29006 0.288752
330 -0.122226 1.08403 -1.55536
331 -0.122226 1.29006 -1.55536
332 -0.008937 1.29963 1.42231
333 -0.008937 1.49853 1.42231
334 0.05015 1.29963 1.43166
335 0.05015 1.49853 1.43166
336 0.103453 1.29963 1.45883
337 0.103453 1.49853 1.45883
338 0.145754 1.29963 1.50113
339 0.145754 1.49853 1.50113
340 0.172914 1.29963 1.55443
341 0.172914 1.49853 1.55443
342 0.182272 1.29963 1.61352
343 0.182272 1.49853 1.61352
344 0.172914 1.29963 1.6726
345 0.172914 1.49853 1.6726
346 0.145754 1.29963 1.72591
347 0.145754 1.49853 1.72591
348 0.103453 1.29963 1.76821
349 0.103453 1.49853 1.76821
350 0.05015 1.29963 1.79537
351 0.05015 1.49853 1.79537
352 -0.008937 1.29963 1.80473
353 -0.008937 1.49853 1.80473
354 -0.068024 1.29963 1.79537
355 -0.068024 1.49853 1.79537
356 -0.121327 1.29963 1.76821
357 -0.121327 1.49853 1.76821
358 -0.163629 1.29963 1.72591
359 -0.163629 1.49853 1.72591
360 -0.190788 1.29963 1.6726
361 -0.190788 1.49853 1.6726
362 -0.200147 1.29963 1.61352
363 -0.200147 1.49853 1.61352
364 -0.190788 1.29963 1.55443
365 -0.190788 1.49853 1.55443
366 -0.163629 1.29963 1.50113
367 -0.163629 1.49853 1.50113
368 -0.121327 1.29963 1.45883
369 -0.121327 1.49853 1.45883
370 -0.068024 1.29963 1.43166
371 -0.068024 1.49853 1.43166
372 0.023387 0.796582 -2.45812
373 0.023387 1.3506 -2.45812
374 0.186292 0.796582 -2.43232
375 0.186292 1.3506 -2.43232
376 0.333252 0.796582 -2.35744
377 0.333252 1.3506 -2.35744
378 0.449879 0.796582 -2.24081
379 0.449879 1.3506 -2.24081
380 0.524759 0.796582 -2.09385
381 0.524759 1.3506 -2.09385
382 0.55056 0.796582 -1.93095
383 0.55056 1.3506 -1.93095
384 0.524759 0.796582 -1.76804
385 0.524759 1.3506 -1.76804
386 0.449879 0.796582 -1.62108
387 0.449879 1.3506 -1.62108
388 0.333252 0.796582 -1.50445
389 0.333252 1.3506 -1.50445
390 0.186292 0.796582 -1.42957
391 0.186292 1.3506 -1.42957
392 0.023387 0.796582 -1.40377
393 0.023387 1.3506 -1.40377
394 -0.139519 0.796582 -1.42957
395 -0.139519 1.3506 -1.42957
396 -0.286478 0.796582 -1.50445
397 -0.286478 1.3506 -1.50445
398 -0.403106 0.796582 -1.62108
399 -0.403106 1.3506 -1.62108
400 -0.477985 0.796582 -1.76804
401 -0.477985 1.3506 -1.76804
402 -0.503787 0.796582 -1.93095
403 -0.503787 1.3506 -1.93095
404 -0.477985 0.796582 -2.09385
405 -0.477985 1.3506 -2.09385
406 -0.403106 0.796582 -2.24081
407 -0.403106 1.3506 -2.24081
408 -0.286478 0.796582 -2.35744
409 -0.286478 1.3506 -2.35744
410 -0.139519 0.796582 -2.43232
411 -0.139519 1.3506 -2.43232
412 -0.575989 1.44672 2.5306
413 -0.576223 1.44672 2.75566
414 -0.608562 1.44672 2.75563
415 -0.608328 1.44672 2.53057
416 -0.575989 1.40712 2.5306
417 -0.576223 1.40712 2.75566
418 -0.608562 1.40712 2.75563
419 -0.608328 1.40712 2.53057
420 -0.575989 1.40712 2.5306
421 -0.575989 1.44672 2.5306
422 -0.576223 1.40712 2.75566
423 -0.576223 1.44672 2.75566
424 -0.608562 1.40712 2.75563
425 -0.608562 1.44672 2.75563
426 -0.608328 1.40712 2.53057
427 -0.608328 1.44672 2.53057
428 -1.03768 1.44672 2.10704
429 -1.03791 1.44672 2.3321
430 -1.07025 1.44672 2.33207
431 -1.07002 1.44672 2.10701
432 -0.955179 1.44672 2.10713
433 -0.955413 1.44672 2.33218
434 -0.987753 1.44672 2.33215
435 -0.987519 1.44672 2.10709
436 -1.03768 1.40712 2.10704
437 -1.03791 1.40712 2.3321
438 -1.07025 1.40712 2.33207
439 -1.07002 1.40712 2.10701
440 -0.955179 1.40712 2.10713
441 -0.955413 1.40712 2.33218
442 -0.987753 1.40712 2.33215
443 -0.987519 1.40712 2.10709
444 -0.955179 1.40712 2.10713
445 -0.955179 1.44672 2.10713
446 -0.955413 1.40712 2.33218
447 -0.955413 1.44672 2.33218
448 -0.987753 1.40712 2.33215
449 -0.987753 1.44672 2.33215
450 -0.987519 1.40712 2.10709
451 -0.987519 1.44672 2.10709
452 -1.03768 1.40712 2.10704
453 -1.03768 1.44672 2.10704
454 -1.03791 1.40712 2.3321
455 -1.03791 1.44672 2.3321
456 -1.07025 1.40712 2.33207
457 -1.07025 1.44672 2.33207
458 -1.07002 1.40712 2.10701
459 -1.07002 1.44672 2.10701
460 -1.24678 1.44672 1.52553
461 -1.24701 1.44672 1.75059
462 -1.27935 1.44672 1.75055
463 -1.27912 1.44672 1.5255
464 -1.16428 1.44672 1.52561
465 -1.16451 1.44672 1.75067
466 -1.19685 1.44672 1.75064
467 -1.19662 1.44672 1.52558
468 -1.08178 1.44672 1.5257
469 -1.08201 1.44672 1.75076
470 -1.11435 1.44672 1.75072
471 -1.11412 1.44672 1.52567
472 -1.24678 1.40712 1.52553
473 -1.24701 1.40712 1.75059
474 -1.27935 1.40712 1.75055
475 -1.27912 1.40712 1.5255
476 -1.16428 1.40712 1.52561
477 -1.16451 1.40712 1.75067
478 -1.19685 1.40712 1.75064
479 -1.19662 1.40712 1.52558
480 -1.08178 1.40712 1.5257
481 -1.08201 1.40712 1.75076
482 -1.11435 1.40712 1.75072
483 -1.11412 1.40712 1.52567
484 -1.08178 1.40712 1.5257
485 -1.08178 1.44672 1.5257
486 -1.08201 1.40712 1.75076
487 -1.08201 1.44672 1.75076
488 -1.11435 1.40712 1.75072
489 -1.11435 1.44672 1.75072
490 -1.11412 1.40712 1.52567
491 -1.11412 1.44672 1.52567
492 -1.16428 1.40712 1.52561
493 -1.16428 1.44672 1.52561
494 -1.16451 1.40712 1.75067
495 -1.16451 1.44672 1.75067
496 -1.19685 1.40712 1.75064
497 -1.19685 1.44672 1.75064
498 -1.19662 1.40712 1.52558
499 -1.19662 1.44672 1.52558
500 -1.24678 1.40712 1.52553
501 -1.24678 1.44672 1.52553
502 -1.24701 1.40712 1.75059
503 -1.24701 1.44672 1.75059
504 -1.27935 1.40712 1.75055
505 -1.27935 1.44672 1.75055
506 -1.27912 1.40712 1.5255
507 -1.27912 1.44672 1.5255
508 -1.06306 1.44672 0.932754
509 -0.965943 1.44672 1.15989
510 -0.998283 1.44672 1.15986
511 -1.06577 1.44672 1.00172
512 -1.13325 1.44672 1.15972
513 -1.16526 1.44672 1.15969
514 -1.06966 1.44672 0.932747
515 -0.90829 1.44672 0.934895
516 -0.908524 1.44672 1.15995
517 -0.940863 1.44672 1.15992
518 -0.94063 1.44672 0.934861
519 -1.06306 1.40712 0.932754
520 -0.965943 1.40712 1.15989
521 -0.998283 1.40712 1.15986
522 -1.06577 1.40712 1.00172
523 -1.13325 1.40712 1.15972
524 -1.16526 1.40712 1.15969
525 -1.06966 1.40712 0.932747
526 -0.90829 1.40712 0.934895
527 -0.908524 1.40712 1.15995
528 -0.940863 1.40712 1.15992
529 -0.94063 1.40712 0.934861
530 -0.90829 1.40712 0.934895
531 -0.90829 1.44672 0.934895
532 -0.908524 1.40712 1.15995
533 -0.908524 1.44672 1.15995
534 -0.940863 1.40712 1.15992
535 -0.940863 1.44672 1.15992
536 -0.94063 1.40712 0.934861
537 -0.94063 1.44672 0.934861
538 -1.06306 1.40712 0.932754
539 -1.06306 1.44672 0.932754
540 -0.965943 1.40712 1.15989
541 -0.965943 1.44672 1.15989
542 -0.998283 1.40712 1.15986
543 -0.998283 1.44672 1.15986
544 -1.06577 1.40712 1.00172
545 -1.06577 1.44672 1.00172
546 -1.13325 1.40712 1.15972
547 -1.13325 1.44672 1.15972
548 -1.16526 1.40712 1.15969
549 -1.16526 1.44672 1.15969
550 -1.06966 1.40712 0.932747
551 -1.06966 1.44672 0.932747
552 -0.594693 1.44672 0.515525
553 -0.49758 1.44672 0.742663
554 -0.52992 1.44672 0.74263
555 -0.597405 1.44672 0.584492
556 -0.664888 1.44672 0.742489
557 -0.696898 1.44672 0.742456
558 -0.601293 1.44672 0.515518
559 -0.594693 1.40712 0.515525
560 -0.49758 1.40712 0.742663
561 -0.52992 1.40712 0.74263
562 -0.597405 1.40712 0.584492
563 -0.664888 1.40712 0.742489
564 -0.696898 1.40712 0.742456
565 -0.601293 1.40712 0.515518
566 -0.594693 1.40712 0.515525
567 -0.594693 1.44672 0.515525
568 -0.49758 1.40712 0.742663
569 -0.49758 1.44672 0.742663
570 -0.52992 1.40712 0.74263
571 -0.52992 1.44672 0.74263
572 -0.597405 1.40712 0.584492
573 -0.597405 1.44672 0.584492
574 -0.664888 1.40712 0.742489
575 -0.664888 1.44672 0.742489
576 -0.696898 1.40712 0.742456
577 -0.696898 1.44672 0.742456
578 -0.601293 1.40712 0.515518
579 -0.601293 1.44672 0.515518
580 -0.106763 1.44672 0.334505
581 -0.106996 1.44672 0.559562
582 -0.139336 1.44672 0.559528
583 -0.139102 1.44672 0.334471
584 0.020288 1.44672 0.332657
585 0.117401 1.44672 0.559795
586 0.085061 1.44672 0.559761
587 0.017576 1.44672 0.401623
588 -0.049907 1.44672 0.559621
589 -0.081917 1.44672 0.559588
590 0.013688 1.44672 0.33265
591 -0.106763 1.40712 0.334505
592 -0.106996 1.40712 0.559562
593 -0.139336 1.40712 0.559528
594 -0.139102 1.40712 0.334471
595 0.020288 1.40712 0.332657
596 0.117401 1.40712 0.559795
597 0.085061 1.40712 0.559761
598 0.017576 1.40712 0.401623
599 -0.049907 1.40712 0.559621
600 -0.081917 1.40712 0.559588
601 0.013688 1.40712 0.33265
602 0.020288 1.40712 0.332657
603 0.020288 1.44672 0.332657
604 0.117401 1.40712 0.559795
605 0.117401 1.44672 0.559795
606 0.085061 1.40712 0.559761
607 0.085061 1.44672 0.559761
608 0.017576 1.40712 0.401623
609 0.017576 1.44672 0.401623
610 -0.049907 1.40712 0.559621
611 -0.049907 1.44672 0.559621
612 -0.081917 1.40712 0.559588
613 -0.081917 1.44672 0.559588
614 0.013688 1.40712 0.33265
615 0.013688 1.44672 0.33265
616 -0.106763 1.40712 0.334505
617 -0.106763 1.44672 0.334505
618 -0.106996 1.40712 0.559562
619 -0.106996 1.44672 0.559562
620 -0.139336 1.40712 0.559528
621 -0.139336 1.44672 0.559528
622 -0.139102 1.40712 0.334471
623 -0.139102 1.44672 0.334471
624 0.429695 1.44672 0.518895
625 0.429461 1.44672 0.743952
626 0.397121 1.44672 0.743919
627 0.397355 1.44672 0.518862
628 0.512194 1.44672 0.518981
629 0.51196 1.44672 0.744038
630 0.47962 1.44672 0.744004
631 0.479854 1.44672 0.518948
632 0.639244 1.44672 0.517133
633 0.736357 1.44672 0.744271
634 0.704017 1.44672 0.744238
635 0.636532 1.44672 0.5861
636 0.569049 1.44672 0.744097
637 0.537039 1.44672 0.744064
638 0.632644 1.44672 0.517126
639 0.429695 1.40712 0.518895
640 0.429461 1.40712 0.743952
641 0.397121 1.40712 0.743919
642 0.397355 1.40712 0.518862
643 0.512194 1.40712 0.518981
644 0.51196 1.40712 0.744038
645 0.47962 1.40712 0.744004
646 0.479854 1.40712 0.518948
647 0.639244 1.40712 0.517133
648 0.736357 1.40712 0.744271
649 0.704017 1.40712 0.744238
650 0.636532 1.40712 0.5861
651 0.569049 1.40712 0.744097
652 0.537039 1.40712 0.744064
653 0.632644 1.40712 0.517126
654 0.639244 1.40712 0.517133
655 0.639244 1.44672 0.517133
656 0.736357 1.40712 0.744271
657 0.736357 1.44672 0.744271
658 0.704017 1.40712 0.744238
659 0.704017 1.44672 0.744238
660 0.636532 1.40712 0.5861
661 0.636532 1.44672 0.5861
662 0.569049 1.40712 0.744097
663 0.569049 1.44672 0.744097
664 0.537039 1.40712 0.744064
665 0.537039 1.44672 0.744064
666 0.632644 1.40712 0.517126
667 0.632644 1.44672 0.517126
668 0.512194 1.40712 0.518981
669 0.512194 1.44672 0.518981
670 0.51196 1.40712 0.744038
671 0.51196 1.44672 0.744038
672 0.47962 1.40712 0.744004
673 0.47962 1.44672 0.744004
674 0.479854 1.40712 0.518948
675 0.479854 1.44672 0.518948
676 0.429695 1.40712 0.518895
677 0.429695 1.44672 0.518895
678 0.429461 1.40712 0.743952
679 0.429461 1.44672 0.743952
680 0.397121 1.40712 0.743919
681 0.397121 1.44672 0.743919
682 0.397355 1.40712 0.518862
683 0.397355 1.44672 0.518862
684 0.797071 1.44672 0.934516
685 0.796837 1.44672 1.15957
686 0.764497 1.44672 1.15954
687 0.764731 1.44672 0.934483
688 0.879569 1.44672 0.934602
689 0.879336 1.44672 1.15966
690 0.846996 1.44672 1.15963
691 0.84723 1.44672 0.934569
692 0.962068 1.44672 0.934688
693 0.961834 1.44672 1.15975
694 0.929495 1.44672 1.15971
695 0.929729 1.44672 0.934654
696 1.08912 1.44672 0.93284
697 1.18623 1.44672 1.15998
698 1.15389 1.44672 1.15995
699 1.08641 1.44672 1.00181
700 1.01892 1.44672 1.1598
701 0.986914 1.44672 1.15977
702 1.08252 1.44672 0.932833
703 0.797071 1.40712 0.934516
704 0.796837 1.40712 1.15957
705 0.764497 1.40712 1.15954
706 0.764731 1.40712 0.934483
707 0.879569 1.40712 0.934602
708 0.879336 1.40712 1.15966
709 0.846996 1.40712 1.15963
710 0.84723 1.40712 0.934569
711 0.962068 1.40712 0.934688
712 0.961834 1.40712 1.15975
713 0.929495 1.40712 1.15971
714 0.929729 1.40712 0.934654
715 1.08912 1.40712 0.93284
716 1.18623 1.40712 1.15998
717 1.15389 1.40712 1.15995
718 1.08641 1.40712 1.00181
719 1.01892 1.40712 1.1598
720 0.986914 1.40712 1.15977
721 1.08252 1.40712 0.932833
722 1.08912 1.40712 0.93284
723 1.08912 1.44672 0.93284
724 1.18623 1.40712 1.15998
725 1.18623 1.44672 1.15998
726 1.15389 1.40712 1.15995
727 1.15389 1.44672 1.15995
728 1.08641 1.40712 1.00181
729 1.08641 1.44672 1.00181
730 1.01892 1.40712 1.1598
731 1.01892 1.44672 1.1598
732 0.986914 1.40712 1.15977
733 0.986914 1.44672 1.15977
734 1.08252 1.40712 0.932833
735 1.08252 1.44672 0.932833
736 0.962068 1.40712 0.934688
737 0.962068 1.44672 0.934688
738 0.961834 1.40712 1.15975
739 0.961834 1.44672 1.15975
740 0.929495 1.40712 1.15971
741 0.929495 1.44672 1.15971
742 0.929729 1.40712 0.934654
743 0.929729 1.44672 0.934654
744 0.879569 1.40712 0.934602
745 0.879569 1.44672 0.934602
746 0.879336 1.40712 1.15966
747 0.879336 1.44672 1.15966
748 0.846996 1.40712 1.15963
749 0.846996 1.44672 1.15963
750 0.84723 1.40712 0.934569
751 0.84723 1.44672 0.934569
752 0.797071 1.40712 0.934516
753 0.797071 1.44672 0.934516
754 0.796837 1.40712 1.15957
755 0.796837 1.44672 1.15957
756 0.764497 1.40712 1.15954
757 0.764497 1.44672 1.15954
758 0.764731 1.40712 0.934483
759 0.764731 1.44672 0.934483
760 0.993686 1.44672 1.50374
761 1.03263 1.44672 1.50378
762 1.10909 1.44672 1.59692
763 1.18673 1.44672 1.50394
764 1.226 1.44672 1.50398
765 1.12886 1.44672 1.62037
766 1.21884 1.44672 1.72903
767 1.17957 1.44672 1.72899
768 1.10904 1.44672 1.64312
769 1.03866 1.44672 1.72885
770 0.999722 1.44672 1.7288
771 1.08959 1.44672 1.62033
772 1.28408 1.44672 1.50404
773 1.28385 1.44672 1.7291
774 1.25151 1.44672 1.72907
775 1.25174 1.44672 1.50401
776 0.993686 1.40712 1.50374
777 1.03263 1.40712 1.50378
778 1.10909 1.40712 1.59692
779 1.18673 1.40712 1.50394
780 1.226 1.40712 1.50398
781 1.12886 1.40712 1.62037
782 1.21884 1.40712 1.72903
783 1.17957 1.40712 1.72899
784 1.10904 1.40712 1.64312
785 1.03866 1.40712 1.72885
786 0.999722 1.40712 1.7288
787 1.08959 1.40712 1.62033
788 1.28408 1.40712 1.50404
789 1.28385 1.40712 1.7291
790 1.25151 1.40712 1.72907
791 1.25174 1.40712 1.50401
792 1.28408 1.40712 1.50404
793 1.28408 1.44672 1.50404
794 1.28385 1.40712 1.7291
795 1.28385 1.44672 1.7291
796 1.25151 1.40712 1.72907
797 1.25151 1.44672 1.72907
798 1.25174 1.40712 1.50401
799 1.25174 1.44672 1.50401
800 0.993686 1.40712 1.50374
801 0.993686 1.44672 1.50374
802 1.03263 1.40712 1.50378
803 1.03263 1.44672 1.50378
804 1.10909 1.40712 1.59692
805 1.10909 1.44672 1.59692
806 1.18673 1.40712 1.50394
807 1.18673 1.44672 1.50394
808 1.226 1.40712 1.50398
809 1.226 1.44672 1.50398
810 1.12886 1.40712 1.62037
811 1.12886 1.44672 1.62037
812 1.21884 1.40712 1.72903
813 1.21884 1.44672 1.72903
814 1.17957 1.40712 1.72899
815 1.17957 1.44672 1.72899
816 1.10904 1.40712 1.64312
817 1.10904 1.44672 1.64312
818 1.03866 1.40712 1.72885
819 1.03866 1.44672 1.72885
820 0.999722 1.40712 1.7288
821 0.999722 1.44672 1.7288
822 1.08959 1.40712 1.62033
823 1.08959 1.44672 1.62033
824 0.87925 1.44672 2.08929
825 0.91819 1.44672 2.08933
826 0.994652 1.44672 2.18247
827 1.0723 1.44672 2.08949
828 1.11157 1.44672 2.08954
829 1.01443 1.44672 2.20592
830 1.1044 1.44672 2.31459
831 1.06513 1.44672 2.31454
832 0.994604 1.44672 2.22867
833 0.924226 1.44672 2.3144
834 0.885286 1.44672 2.31436
835 0.975158 1.44672 2.20588
836 0.87925 1.40712 2.08929
837 0.91819 1.40712 2.08933
838 0.994652 1.40712 2.18247
839 1.0723 1.40712 2.08949
840 1.11157 1.40712 2.08954
841 1.01443 1.40712 2.20592
842 1.1044 1.40712 2.31459
843 1.06513 1.40712 2.31454
844 0.994604 1.40712 2.22867
845 0.924226 1.40712 2.3144
846 0.885286 1.40712 2.31436
847 0.975158 1.40712 2.20588
848 0.87925 1.40712 2.08929
849 0.87925 1.44672 2.08929
850 0.91819 1.40712 2.08933
851 0.91819 1.44672 2.08933
852 0.994652 1.40712 2.18247
853 0.994652 1.44672 2.18247
854 1.0723 1.40712 2.08949
855 1.0723 1.44672 2.08949
856 1.11157 1.40712 2.08954
857 1.11157 1.44672 2.08954
858 1.01443 1.40712 2.20592
859 1.01443 1.44672 2.20592
860 1.1044 1.40712 2.31459
861 1.1044 1.44672 2.31459
862 1.06513 1.40712 2.31454
863 1.06513 1.44672 2.31454
864 0.994604 1.40712 2.22867
865 0.994604 1.44672 2.22867
866 0.924226 1.40712 2.3144
867 0.924226 1.44672 2.3144
868 0.885286 1.40712 2.31436
869 0.885286 1.44672 2.31436
870 0.975158 1.40712 2.20588
871 0.975158 1.44672 2.20588
872 0.469175 1.44672 2.50996
873 0.468942 1.44672 2.73502
874 0.436602 1.44672 2.73498
875 0.436836 1.44672 2.50993
876 0.494915 1.44672 2.50999
877 0.533854 1.44672 2.51003
878 0.610317 1.44672 2.60317
879 0.687962 1.44672 2.51019
880 0.727232 1.44672 2.51023
881 0.630092 1.44672 2.62662
882 0.720068 1.44672 2.73528
883 0.680799 1.44672 2.73524
884 0.610269 1.44672 2.64937
885 0.539891 1.44672 2.73509
886 0.500951 1.44672 2.73505
887 0.590823 1.44672 2.62658
888 0.469175 1.40712 2.50996
889 0.468942 1.40712 2.73502
890 0.436602 1.40712 2.73498
891 0.436836 1.40712 2.50993
892 0.494915 1.40712 2.50999
893 0.533854 1.40712 2.51003
894 0.610317 1.40712 2.60317
895 0.687962 1.40712 2.51019
896 0.727232 1.40712 2.51023
897 0.630092 1.40712 2.62662
898 0.720068 1.40712 2.73528
899 0.680799 1.40712 2.73524
900 0.610269 1.40712 2.64937
901 0.539891 1.40712 2.73509
902 0.500951 1.40712 2.73505
903 0.590823 1.40712 2.62658
904 0.494915 1.40712 2.50999
905 0.494915 1.44672 2.50999
906 0.533854 1.40712 2.51003
907 0.533854 1.44672 2.51003
908 0.610317 1.40712 2.60317
909 0.610317 1.44672 2.60317
910 0.687962 1.40712 2.51019
911 0.687962 1.44672 2.51019
912 0.727232 1.40712 2.51023
913 0.727232 1.44672 2.51023
914 0.630092 1.40712 2.62662
915 0.630092 1.44672 2.62662
916 0.720068 1.40712 2.73528
917 0.720068 1.44672 2.73528
918 0.680799 1.40712 2.73524
919 0.680799 1.44672 2.73524
920 0.610269 1.40712 2.64937
921 0.610269 1.44672 2.64937
922 0.539891 1.40712 2.73509
923 0.539891 1.44672 2.73509
924 0.500951 1.40712 2.73505
925 0.500951 1.44672 2.73505
926 0.590823 1.40712 2.62658
927 0.590823 1.44672 2.62658
928 0.469175 1.40712 2.50996
929 0.469175 1.44672 2.50996
930 0.468942 1.40712 2.73502
931 0.468942 1.44672 2.73502
932 0.436602 1.40712 2.73498
933 0.436602 1.44672 2.73498
934 0.436836 1.40712 2.50993
935 0.436836 1.44672 2.50993
936 -0.156566 1.44672 2.67905
937 -0.1568 1.44672 2.90411
938 -0.18914 1.44672 2.90407
939 -0.188906 1.44672 2.67902
940 -0.074067 1.44672 2.67914
941 -0.074301 1.44672 2.90419
942 -0.106641 1.44672 2.90416
943 -0.106407 1.44672 2.6791
944 -0.048328 1.44672 2.67916
945 -0.009388 1.44672 2.6792
946 0.067074 1.44672 2.77234
947 0.14472 1.44672 2.67936
948 0.183989 1.44672 2.6794
949 0.086849 1.44672 2.79579
950 0.176825 1.44672 2.90445
951 0.137556 1.44672 2.90441
952 0.067026 1.44672 2.81854
953 -0.003352 1.44672 2.90427
954 -0.042292 1.44672 2.90422
955 0.04758 1.44672 2.79575
956 -0.156566 1.40712 2.67905
957 -0.1568 1.40712 2.90411
958 -0.18914 1.40712 2.90407
959 -0.188906 1.40712 2.67902
960 -0.074067 1.40712 2.67914
961 -0.074301 1.40712 2.90419
962 -0.106641 1.40712 2.90416
963 -0.106407 1.40712 2.6791
964 -0.048328 1.40712 2.67916
965 -0.009388 1.40712 2.6792
966 0.067074 1.40712 2.77234
967 0.14472 1.40712 2.67936
968 0.183989 1.40712 2.6794
969 0.086849 1.40712 2.79579
970 0.176825 1.40712 2.90445
971 0.137556 1.40712 2.90441
972 0.067026 1.40712 2.81854
973 -0.003352 1.40712 2.90427
974 -0.042292 1.40712 2.90422
975 0.04758 1.40712 2.79575
976 -0.048328 1.40712 2.67916
977 -0.048328 1.44672 2.67916
978 -0.009388 1.40712 2.6792
979 -0.009388 1.44672 2.6792
980 0.067074 1.40712 2.77234
981 0.067074 1.44672 2.77234
982 0.14472 1.40712 2.67936
983 0.14472 1.44672 2.67936
984 0.183989 1.40712 2.6794
985 0.183989 1.44672 2.6794
986 0.086849 1.40712 2.79579
987 0.086849 1.44672 2.79579
988 0.176825 1.40712 2.90445
989 0.176825 1.44672 2.90445
990 0.137556 1.40712 2.90441
991 0.137556 1.44672 2.90441
992 0.067026 1.40712 2.81854
993 0.067026 1.44672 2.81854
994 -0.003352 1.40712 2.90427
995 -0.003352 1.44672 2.90427
996 -0.042292 1.40712 2.90422
997 -0.042292 1.44672 2.90422
998 0.04758 1.40712 2.79575
999 0.04758 1.44672 2.79575
1000 -0.074067 1.40712 2.67914
1001 -0.074067 1.44672 2.67914
1002 -0.074301 1.40712 2.90419
1003 -0.074301 1.44672 2.90419
1004 -0.106641 1.40712 2.90416
1005 -0.106641 1.44672 2.90416
1006 -0.106407 1.40712 2.6791
1007 -0.106407 1.44672 2.6791
1008 -0.156566 1.40712 2.67905
1009 -0.156566 1.44672 2.67905
1010 -0.1568 1.40712 2.90411
1011 -0.1568 1.44672 2.90411
1012 -0.18914 1.40712 2.90407
1013 -0.18914 1.44672 2.90407
1014 -0.188906 1.40712 2.67902
1015 -0.188906 1.44672 2.67902
Faces:
1 9 10 3.
3 10 11 7.
7 11 12 5.
5 12 9 1.
3 7 5 1.
2 6 16 13.
2 4 10 9.
4 8 11 10.
8 6 12 11.
6 2 9 12.
8 4 14 15.
6 8 15 16.
4 2 13 14.
14 13 17 18.
16 15 19 20.
15 14 18 19.
13 16 20 17.
21 18 17.
21 19 18.
21 20 19.
21 17 20.
22 23 25 24.
24 25 29 28.
28 29 27 26.
26 27 23 22.
24 28 26 22.
29 25 23 27.
30 31 33 32.
32 33 37 36.
36 37 35 34.
34 35 31 30.
32 36 34 30.
37 33 31 35.
38 39 41 40.
40 41 45 44.
44 45 43 42.
42 43 39 38.
40 44 42 38.
45 41 39 43.
46 175 174 48.
48 174 176 50.
50 176 177 52.
52 177 178 54.
54 178 179 56.
56 179 180 58.
58 180 181 60.
60 181 182 62.
62 182 183 64.
64 183 184 66.
66 184 185 68.
68 185 186 70.
70 186 187 72.
72 187 188 74.
74 188 189 76.
76 189 190 78.
78 190 191 80.
80 191 192 82.
82 192 193 84.
84 193 194 86.
86 194 195 88.
88 195 196 90.
90 196 197 92.
92 197 198 94.
94 198 199 96.
96 199 200 98.
98 200 201 100.
100 201 202 102.
102 202 203 104.
104 203 204 106.
106 204 205 108.
108 205 206 110.
110 206 207 112.
112 207 208 114.
114 208 209 116.
116 209 210 118.
118 210 211 120.
120 211 212 122.
122 212 213 124.
124 213 214 126.
126 214 215 128.
128 215 216 130.
130 216 217 132.
132 217 218 134.
134 218 219 136.
136 219 220 138.
138 220 221 140.
140 221 222 142.
142 222 223 144.
144 223 224 146.
146 224 225 148.
148 225 226 150.
150 226 227 152.
152 227 228 154.
154 228 229 156.
156 229 230 158.
158 230 231 160.
160 231 232 162.
162 232 233 164.
164 233 234 166.
166 234 235 168.
168 235 236 170.
47 173 301 239.
170 236 237 172.
172 237 175 46.
46 48 50 52 54 56 58 60 62 64 66 68 70 72 74 76 78 80 82 84 86 88 90 92 94 96 98 100 102 104 106 108 110 112 114 116 118 120 122 124 126 128 130 132 134 136 138 140 142 144 146 148 150 152 154 156 158 160 162 164 166 168 170 172.
47 49 174 175.
49 51 176 174.
51 53 177 176.
53 55 178 177.
55 57 179 178.
57 59 180 179.
59 61 181 180.
61 63 182 181.
63 65 183 182.
65 67 184 183.
67 69 185 184.
69 71 186 185.
71 73 187 186.
73 75 188 187.
75 77 189 188.
77 79 190 189.
79 81 191 190.
81 83 192 191.
83 85 193 192.
85 87 194 193.
87 89 195 194.
89 91 196 195.
91 93 197 196.
93 95 198 197.
95 97 199 198.
97 99 200 199.
99 101 201 200.
101 103 202 201.
103 105 203 202.
105 107 204 203.
107 109 205 204.
109 111 206 205.
111 113 207 206.
113 115 208 207.
115 117 209 208.
117 119 210 209.
119 121 211 210.
121 123 212 211.
123 125 213 212.
125 127 214 213.
127 129 215 214.
129 131 216 215.
131 133 217 216.
133 135 218 217.
135 137 219 218.
137 139 220 219.
139 141 221 220.
141 143 222 221.
143 145 223 222.
145 147 224 223.
147 149 225 224.
149 151 226 225.
151 153 227 226.
153 155 228 227.
155 157 229 228.
157 159 230 229.
159 161 231 230.
161 163 232 231.
163 165 233 232.
165 167 234 233.
167 169 235 234.
169 171 236 235.
171 173 237 236.
173 47 175 237.
238 239 301 300 299 298 297 296 295 294 293 292 291 290 289 288 287 286 285 284 283 282 281 280 279 278 277 276 275 274 273 272 271 270 269 268 267 266 265 264 263 262 261 260 259 258 257 256 255 254 253 252 251 250 249 248 247 246 245 244 243 242 241 240.
123 121 275 276.
71 69 249 250.
125 123 276 277.
73 71 250 251.
127 125 277 278.
75 73 251 252.
129 127 278 279.
77 75 252 253.
131 129 279 280.
79 77 253 254.
133 131 280 281.
81 79 254 255.
135 133 281 282.
83 81 255 256.
137 135 282 283.
85 83 256 257.
139 137 283 284.
87 85 257 258.
141 139 284 285.
89 87 258 259.
143 141 285 286.
91 89 259 260.
145 143 286 287.
93 91 260 261.
147 145 287 288.
95 93 261 262.
149 147 288 289.
97 95 262 263.
151 149 289 290.
99 97 263 264.
153 151 290 291.
101 99 264 265.
49 47 239 238.
155 153 291 292.
103 101 265 266.
51 49 238 240.
157 155 292 293.
105 103 266 267.
53 51 240 241.
159 157 293 294.
107 105 267 268.
55 53 241 242.
161 159 294 295.
109 107 268 269.
57 55 242 243.
163 161 295 296.
111 109 269 270.
59 57 243 244.
165 163 296 297.
113 111 270 271.
61 59 244 245.
167 165 297 298.
115 113 271 272.
63 61 245 246.
169 167 298 299.
117 115 272 273.
65 63 246 247.
171 169 299 300.
119 117 273 274.
67 65 247 248.
173 171 300 301.
121 119 274 275.
69 67 248 249.
302 303 305 304.
304 305 307 306.
306 307 309 308.
305 303 311 309 307.
308 309 311 310.
310 311 303 302.
302 304 306 308 310.
312 313 315 314.
314 315 317 316.
316 317 319 318.
315 313 321 319 317.
318 319 321 320.
320 321 313 312.
312 314 316 318 320.
322 323 325 324.
324 325 327 326.
326 327 329 328.
325 323 331 329 327.
328 329 331 330.
330 331 323 322.
322 324 326 328 330.
332 333 335 334.
334 335 337 336.
336 337 339 338.
338 339 341 340.
340 341 343 342.
342 343 345 344.
344 345 347 346.
346 347 349 348.
348 349 351 350.
350 351 353 352.
352 353 355 354.
354 355 357 356.
356 357 359 358.
358 359 361 360.
360 361 363 362.
362 363 365 364.
364 365 367 366.
366 367 369 368.
335 333 371 369 367 365 363 361 359 357 355 353 351 349 347 345 343 341 339 337.
368 369 371 370.
370 371 333 332.
332 334 336 338 340 342 344 346 348 350 352 354 356 358 360 362 364 366 368 370.
372 373 375 374.
374 375 377 376.
376 377 379 378.
378 379 381 380.
380 381 383 382.
382 383 385 384.
384 385 387 386.
386 387 389 388.
388 389 391 390.
390 391 393 392.
392 393 395 394.
394 395 397 396.
396 397 399 398.
398 399 401 400.
400 401 403 402.
402 403 405 404.
404 405 407 406.
406 407 409 408.
375 373 411 409 407 405 403 401 399 397 395 393 391 389 387 385 383 381 379 377.
408 409 411 410.
410 411 373 372.
372 374 376 378 380 382 384 386 388 390 392 394 396 398 400 402 404 406 408 410.
413 412 415.
415 414 413.
417 419 416.
419 417 418.
421 423 422 420.
423 425 424 422.
425 427 426 424.
427 421 420 426.
429 428 431.
431 430 429.
433 432 435.
435 434 433.
437 439 436.
439 437 438.
441 443 440.
443 441 442.
445 447 446 444.
447 449 448 446.
449 451 450 448.
451 445 444 450.
453 455 454 452.
455 457 456 454.
457 459 458 456.
459 453 452 458.
461 460 463.
463 462 461.
465 464 467.
467 466 465.
469 468 471.
471 470 469.
473 475 472.
475 473 474.
477 479 476.
479 477 478.
481 483 480.
483 481 482.
485 487 486 484.
487 489 488 486.
489 491 490 488.
491 485 484 490.
493 495 494 492.
495 497 496 494.
497 499 498 496.
499 493 492 498.
501 503 502 500.
503 505 504 502.
505 507 506 504.
507 501 500 506.
511 514 513.
513 512 511.
514 511 508.
509 508 511.
510 509 511.
516 515 518.
518 517 516.
522 524 525.
524 522 523.
525 519 522.
520 522 519.
521 522 520.
527 529 526.
529 527 528.
531 533 532 530.
533 535 534 532.
535 537 536 534.
537 531 530 536.
539 541 540 538.
541 543 542 540.
543 545 544 542.
545 547 546 544.
547 549 548 546.
549 551 550 548.
551 539 538 550.
555 558 557.
557 556 555.
558 555 552.
553 552 555.
554 553 555.
562 564 565.
564 562 563.
565 559 562.
560 562 559.
561 562 560.
567 569 568 566.
569 571 570 568.
571 573 572 570.
573 575 574 572.
575 577 576 574.
577 579 578 576.
579 567 566 578.
581 580 583.
583 582 581.
587 590 589.
589 588 587.
590 587 584.
585 584 587.
586 585 587.
592 594 591.
594 592 593.
598 600 601.
600 598 599.
601 595 598.
596 598 595.
597 598 596.
603 605 604 602.
605 607 606 604.
607 609 608 606.
609 611 610 608.
611 613 612 610.
613 615 614 612.
615 603 602 614.
617 619 618 616.
619 621 620 618.
621 623 622 620.
623 617 616 622.
625 624 627.
627 626 625.
629 628 631.
631 630 629.
635 638 637.
637 636 635.
638 635 632.
633 632 635.
634 633 635.
640 642 639.
642 640 641.
644 646 643.
646 644 645.
650 652 653.
652 650 651.
653 647 650.
648 650 647.
649 650 648.
655 657 656 654.
657 659 658 656.
659 661 660 658.
661 663 662 660.
663 665 664 662.
665 667 666 664.
667 655 654 666.
669 671 670 668.
671 673 672 670.
673 675 674 672.
675 669 668 674.
677 679 678 676.
679 681 680 678.
681 683 682 680.
683 677 676 682.
685 684 687.
687 686 685.
689 688 691.
691 690 689.
693 692 695.
695 694 693.
699 702 701.
701 700 699.
702 699 696.
697 696 699.
698 697 699.
704 706 703.
706 704 705.
708 710 707.
710 708 709.
712 714 711.
714 712 713.
718 720 721.
720 718 719.
721 715 718.
716 718 715.
717 718 716.
723 725 724 722.
725 727 726 724.
727 729 728 726.
729 731 730 728.
731 733 732 730.
733 735 734 732.
735 723 722 734.
737 739 738 736.
739 741 740 738.
741 743 742 740.
743 737 736 742.
745 747 746 744.
747 749 748 746.
749 751 750 748.
751 745 744 750.
753 755 754 752.
755 757 756 754.
757 759 758 756.
759 753 752 758.
762 765 763.
764 763 765.
765 767 766.
768 771 769.
761 760 771.
769 771 770.
761 771 762.
765 762 771.
771 768 765.
767 765 768.
773 772 775.
775 774 773.
778 779 781.
780 781 779.
781 782 783.
784 785 787.
777 787 776.
785 786 787.
777 778 787.
781 787 778.
787 781 784.
783 784 781.
789 791 788.
791 789 790.
793 795 794 792.
795 797 796 794.
797 799 798 796.
799 793 792 798.
801 803 802 800.
803 805 804 802.
805 807 806 804.
807 809 808 806.
809 811 810 808.
811 813 812 810.
813 815 814 812.
815 817 816 814.
817 819 818 816.
819 821 820 818.
821 823 822 820.
823 801 800 822.
826 829 827.
828 827 829.
829 831 830.
832 835 833.
825 824 835.
833 835 834.
825 835 826.
829 826 835.
835 832 829.
831 829 832.
838 839 841.
840 841 839.
841 842 843.
844 845 847.
837 847 836.
845 846 847.
837 838 847.
841 847 838.
847 841 844.
843 844 841.
849 851 850 848.
851 853 852 850.
853 855 854 852.
855 857 856 854.
857 859 858 856.
859 861 860 858.
861 863 862 860.
863 865 864 862.
865 867 866 864.
867 869 868 866.
869 871 870 868.
871 849 848 870.
873 872 875.
875 874 873.
878 881 879.
880 879 881.
881 883 882.
884 887 885.
877 876 887.
885 887 886.
877 887 878.
881 878 887.
887 884 881.
883 881 884.
889 891 888.
891 889 890.
894 895 897.
896 897 895.
897 898 899.
900 901 903.
893 903 892.
901 902 903.
893 894 903.
897 903 894.
903 897 900.
899 900 897.
905 907 906 904.
907 909 908 906.
909 911 910 908.
911 913 912 910.
913 915 914 912.
915 917 916 914.
917 919 918 916.
919 921 920 918.
921 923 922 920.
923 925 924 922.
925 927 926 924.
927 905 904 926.
929 931 930 928.
931 933 932 930.
933 935 934 932.
935 929 928 934.
937 936 939.
939 938 937.
941 940 943.
943 942 941.
946 949 947.
948 947 949.
949 951 950.
952 955 953.
945 944 955.
953 955 954.
945 955 946.
949 946 955.
955 952 949.
951 949 952.
957 959 956.
959 957 958.
961 963 960.
963 961 962.
966 967 969.
968 969 967.
969 970 971.
972 973 975.
965 975 964.
973 974 975.
965 966 975.
969 975 966.
975 969 972.
971 972 969.
977 979 978 976.
979 981 980 978.
981 983 982 980.
983 985 984 982.
985 987 986 984.
987 989 988 986.
989 991 990 988.
991 993 992 990.
993 995 994 992.
995 997 996 994.
997 999 998 996.
999 977 976 998.
1001 1003 1002 1000.
1003 1005 1004 1002.
1005 1007 1006 1004.
1007 1001 1000 1006.
1009 1011 1010 1008.
1011 1013 1012 1010.
1013 1015 1014 1012.
1015 1009 1008 1014.
